0.885116103525305
0.888920680001977
0.893880116269489
0.897579692579803
0.903511218348978
0.908821039186119
0.922320771363173
0.929143512054168
0.933140745079318
0.93746213930783
0.948185827180791
0.952470292075667
0.955065999749914
0.95658653993845
0.96407555900103
0.967371242112088
0.968507881131445
0.974762756593669
0.979767264581012
0.979794831306236
0.97993931843283
0.980447760743965
0.980637512744292
0.982553285940133
0.982594926866383
0.984365117765349
0.984741971706274
0.984781437505188
0.985046698893114
0.985462333067739
0.985866753606433
0.986697320044775

1.00848025174981
1.00901590756469
1.00927699628105
1.00954550648408
1.00971696865183
1.00974248536444
1.00998622524859
1.01113318041177
1.01116020126533
1.01240537164359
1.01252891820219
1.01261303350489
1.01275805167001
1.01286015467689
1.01295433528713
1.01297230659546
1.01341146743107
1.01356572692172
1.01380071356546
1.01395948094982
1.01412538181078
1.01420107494857
1.01436448075521
1.01445676011379
1.01449481254943
1.01462312913936
1.01466162264078
1.01485831921523
1.01502025884396
1.01502934354376
1.01545655259546
1.01590532588785
1.0161919396756
1.01623459580983
1.01624856967117
1.016569425501
1.01660974840019
1.01664209021128
1.01676030738064
1.01680109863259
1.01846846737417
1.01856048985415
1.01860570234324
1.0186529510004
1.01868142678564
1.0188680573299
1.01914761756884
1.01928828063497
1.01931512232884
1.01936848245898
1.01951078353251
1.01953793782073
1.0201614032613
1.02029635249678
1.02038216929381
1.02069004285043
1.02089694483651
1.02113800579853
1.02144270063777
1.02145174506225
1.02158631655822
1.02160951355212
1.02163961964219
1.02206756544987
1.02221541184139
1.02271042211647
1.02286262344766
1.02312105217114
1.02318216957793
1.02327603666746
1.02333756840932
1.02333776300948
1.02376607937368
1.02392543795015
1.02421235420173
1.02449233862288
1.02620041387075
1.02651633643534
1.02658118043986
1.02669437555309
1.02675510780574
1.02675966059056
1.02713401380089
1.02787071470931
1.02821698187952
1.02838232238559
1.02846125880871
1.02862609512044
1.02868551406479
1.02870383930943
1.02929356747347
1.02941442126992
1.02952392782977
1.02957187480815
1.02977072566942
1.02986888706124
1.03001771066434
1.03005955318308
1.03006976414801
1.03013928009086
1.03015001237939
1.03040201589683
1.0304533169304
1.03053609684686
1.03066544042154
1.03069716465824
1.03075464377989
1.03077860783732
1.03087175443769
1.03089198966161
1.0308962154788
1.03090105424529
1.03093522248447
1.03109985075542
1.0311433788478
1.03118251798099
1.03134476323041
1.03143000308471
1.03153512252113
1.03155678724939
1.03180023614431
1.03190109545246
1.03226211260021
1.03234988603167
1.0323778040931
1.03246377603318
1.0328482021144
1.0329354429044
1.03293759538068
1.03302507736324
1.0332852456449
1.03376904172685
1.0338609818142
1.0340829099106
1.03411818375083
1.03449079210579
1.03457546326391
1.03483518321463
1.03522399380648
1.03524010419064
1.03531049543235
1.03535554449343
1.03715690836411
1.03724824160974
1.03769799797606
1.03779068532135
1.0378008293353
1.03789377409763
1.0384823304534
1.03883427577111
1.03887051315782
1.03906291430637
1.03909658321674
1.03930198411125
1.03969859188396
1.03991173880806
1.04020791922612
1.04026444208624
1.04076243145268
1.0410650485488
1.04112279998457
1.04140062981739
1.04146312491419
1.04156167310488
1.04188197762907
1.04206818492918
1.04218317759416
1.04241596993562
1.04249327365521
1.04260945188184
1.04291082111962
1.04300552835835
1.04332514204786
1.04338613768181
1.04363356422543
1.04375292499183
1.04395794306505
1.04396919528401
1.04401984824999
1.04406055541425
1.04407820978097
1.04414028789012
1.0444825510661
1.04460060294616
1.045359001757
1.04663179071766
1.04669569000301
1.04717692988777
1.04743207443732
1.04754996487333
1.04758468319672
1.0476771438084
1.04885002751475
1.04889259443945
1.04918157267614
1.04933161889039
1.05060345498116
1.05068742479306
1.05103174112345
1.05105752489046
1.0516556671987
1.05168764001107
1.05231118590301
1.05232699943745
1.05431488155391
1.05454751735275
1.05462708066432
1.05476247677529
1.05534853138944
1.05550078160976
1.05604547572667
1.05640185598331
1.05642715646755
1.05730789178101
1.05782729116763
1.05954286691091
1.06005302793766
1.06101672519918
1.06130964627589
1.06163887323911
1.06183654461062
1.06214077966356
1.06230640911279
1.06243915069238
1.06260732796643
1.06304023718762
1.06330831872896
1.06367340554546
1.06374644493219
1.06378337223417
1.06387403984587
1.0642149130432
1.06484777312499
1.06502263428213
1.06512083581583
1.06607254678386
1.06616157802867
1.06669416193856
1.06691017521532
1.06758967510823
1.06769993265866
1.06839216297721
1.06874793348122
1.06886063256898
1.06976428030831
1.06995748120877
1.06997904237165
1.07050946202554
1.07092845870349
1.07120549796002
1.07135883107115
1.0714148749887
1.07180711418627
1.07198652440355
1.07204764478654
1.07241506823717
1.07261585619747
1.07321149663171
1.07330111566635
1.07341309822233
1.07458962052935
1.07477622233
1.0747970327845
1.07516950982024
1.07528147229909
1.07579878366469
1.07707313624155
1.07820561066236
1.0786202744248
1.07888820606997
1.07898276268113
1.07955332636695
1.07999013884387
1.08001463162077
1.08015600909179
1.08028149876962
1.08037905365853
1.08050576574171
1.08054839566933
1.08110746429101
1.0825315243683
1.08296245029309
1.08310055308032
1.08332455154161
1.08340496917565
1.08395563408545
1.08405192466748
1.08407609076969
1.08414250205846
1.08426430576272
1.08450647370167
1.08473641834853
1.08657109019068
1.08657677147316
1.08693505305384
1.08722773686531
1.08735307467932
1.0883839354485
1.08917883766128
1.08949702997683
1.08966421071125
1.09084333129404
1.09109123161005
1.0914500270513
1.09236471314168
1.09284937271651
1.09346174137881
1.09360886551409
1.09472747364091
1.09487865897731
1.09514822729519
1.09572866579263
1.09660878312926
1.0969290130496
1.09719424814154
1.09733384463489
1.09757988020188
1.0980555318911
1.09833060959024
1.09860842981539
1.09962306442882
1.09973071371875
1.09989104470189
1.10023955494893
1.10076928748485
1.10081679715378
1.10104042027407
1.10174294458858
1.10174315537327
1.10178272723108
1.10202905060487
1.10204580664453
1.10352934913612
1.1046780987951
1.10494357071924
1.10513686654237
1.10532294031869
1.10570888101077
1.10622478296411
1.1064228710166
1.10647890352257
1.10649596301729
1.10770199973805
1.10808060750354
1.10821558410718
1.10832399611589
1.10838517083426
1.10864907320159
1.10897049275091
1.109331173632
1.10940707934589
1.10972840895528
1.11010633379088
1.11036355888603
1.11038667921653
1.11040806621074
1.11059736115331
1.11066737422958
1.11070823187549
1.11173707049221
1.11202133515963
1.11204142723415
1.11212754254899
1.11306171147194
1.11315665657685
1.11357327382106
1.1137431734368
1.11402530301487
1.11419112376995
1.11519502442926
1.115512818811
1.11576552637783
1.11650709511897
1.11657574077939
1.1165926801909
1.11689279173848
1.11719848188745
1.11720474986345
1.11723868509157
1.11791375676986
1.11846521950029
1.11855260559159
1.11865937370871
1.11899531528116
1.11942034687156
1.11975041149368
1.11982633722094
1.12014787999446
1.12099825887689
1.12175954685384
1.12246205900849
1.12269779763391
1.12287691152282
1.12290773102174
1.12323355596719
1.1238149803082
1.12468115357281
1.12519159172187
1.12616244134496
1.12650593890771
1.12651217135407
1.12711643387002
1.12734028516628
1.1276664733785
1.12809008035238
1.12899142671835
1.12985788236761
1.13003657730694
1.13104225283312
1.13123424435066
1.13125414265662
1.13147184117442
1.13282816371984
1.13295837963706
1.1332997911973
1.13471081675695
1.13550761548824
1.13562960479559
1.13578400196295
1.13634765440366
1.13787453568491
1.13822932387656
1.13967202759858
1.13980071282231
1.1399856188227
1.1400850534508
1.14233869500922
1.14273603824317
1.1427910779936
1.14298157932186
1.14360329148869
1.14390397152185
1.14410523382633
1.14430174575375
1.14478685235
1.14558346446463
1.14572451978988
1.14579918442798
1.1460755007451
1.14610077390734
1.14617758086054
1.14621684973683
1.14653799155664
1.14686186492152
1.14727262944365
1.14836089397133
1.14913474698495
1.149429575411
1.14951741712269
1.14973822204625
1.15071684505763
1.15120321773578
1.15249684505487
1.15315700571987
1.1542464686712
1.1546350572234
1.15468875473497
1.15496835455996
1.15545459796268
1.15591966701828
1.1559437494143
1.15595785801602
1.1561797990338
1.15633367930765
1.15641109535699
1.15701091772482
1.15746285028814
1.15894463081465
1.1607544083277
1.16078256073547
1.1617136731857
1.16201417440557
1.162254701789
1.1632726798408
1.16356289010856
1.16443909142836
1.16458664840848
1.16498022366379
1.16501501185038
1.16530875263593
1.16577873025678
1.16672688748632
1.1675262426301
1.16801057921319
1.16897967286993
1.1690182012889
1.16945673596255
1.16986779047995
1.17000140662509
1.17031087684501
1.17133883694218
1.17159420155124
1.1728388363175
1.17402293545032
1.17474926360839
1.17488064448626
1.17600368703996
1.18200352792857
1.18295791396197
1.18331396965495
1.18444319557549
1.18491403493661
1.18580280106543
1.18634406268142
1.18690552019379
1.19064143539362
1.19089913640111
1.19159586660441
1.19182382821306
1.19184627993138
1.19226015036152
1.19296016824402
1.19323320359269
1.19378671983061
1.19407822185217
1.19573529788383
1.19625132713469
1.19850230143837
1.19892974839015
1.19910607810342
1.19928922517284
1.19943111801773
1.1994902461881
1.20008246232187
1.20038420457499
1.20093694110652
1.20278551193134
1.20687259376279
1.20693896988141
1.20727427392396
1.20743469027501
1.21206432010789
1.21292844000744
1.21353516658975
1.21606567811847
1.21647405269242
1.21901248640158
1.21976151996699
1.2202588063577
1.22081129627179
1.22146491913893
1.22155145142872
1.22266533056757
1.22323056777789
1.22389075272479
1.22913936843676
1.23051998449432
1.23098599747792
1.23133866215911
1.23204683981874
1.23320513703554
1.23383945196448
1.23470339126556
1.23743043780218
1.23843047814244
1.23913984322688
1.2419135417293
1.24357117569772
1.24413120837177
1.24696078497326
1.24754815464384
1.24833747084595
1.24934614302456
1.25171754967503
1.25414452074315
1.25532954910463
1.25545358943645
1.25574166366529
1.25650765014321
1.25658708971931
1.26130816565212
1.26250594848137
1.26464480370575
1.26539928503857
1.26577117452554
1.26597885252303
1.26672014832136
1.26752237600344
1.27201965596649
1.27533219296222
1.27637748392302
1.27718564230901
1.27755201445871
1.2813536871209
1.28166064257537
1.2825126007396
1.28370453306419
1.28614975365916
1.28861904030196
1.2905295447703
1.29306471990788
1.29329886932925
1.29382581270318
1.29418989065293
1.29707041442084
1.29723912406775
1.2978029822749
1.30289483684542
1.30702626933785
1.30882541104825
1.31429513652567
1.31798444682995
1.31963000131013
1.3200576662713
1.32505380746365
1.32770984783075
1.32779372451386
1.33098732461784
1.33357800522256
1.33590712466715
1.3367682369818
1.34147467969085
1.34502654703543
1.35135398251667
1.3521094158621
1.35389494914112
1.35983113260771
1.36867784837639
1.37101536096393
1.37366132624195
1.37625093458315
1.37846054458509
1.38466063445243
1.38510839231705
1.38610350838836
1.38660957088673
1.38667287176892
1.38723497043253
1.39278242519825
1.39434338313611
1.40176733036135
1.402419381113
1.40470000706909
1.40722851680303
1.41040311038852
1.4132902386557
1.41370022821875
1.42745305434451
1.42789416944893
1.42857445349517
1.43077882480108
1.43792356408709
1.44204711442762
1.44216262140011
1.44218037774036
1.44725656442213
1.45132672927585
1.45163282059236
1.45304732780484
1.45832197890225
1.45877575912398
1.45974747467722
1.46662677558133
1.46983788960077
1.47516934100224
1.47636621622569
1.47902576901127
1.4795163539008
1.48046014018463
1.48674510697885
1.49026915299623
1.4929293203149
1.50802944574968
1.51016125265347
1.51546620919262
1.51693658974917
1.51809579142334
1.52588325551049
1.5322042320133
1.53227542697715
1.53378308800244
1.53381911967441
1.54515121315749
1.55401999325334
1.55691980406837
1.55747530721224
1.5579238564259
1.57125359320409
1.58166937022011
1.58269441426975
1.58349044177806
1.58676314294217
1.59207730167597
1.59690891717725
1.60381570409233
1.60810054627312
1.60828423017278
1.60866764595262
1.6158656656323
1.6192768255912
1.6200007723035
1.6287547020644
1.63554702023328
1.63636418417595
1.64177462037938
1.64223863767555
1.64336191767395
1.64872124566606
1.64928221687661
1.65151071731053
1.65824714222549
1.66369603660923
1.68623385888772
1.70939116754233
1.71045385551275
1.71707196687964
1.71888858599569
1.71958476963036
1.73672710672973
1.75136890525783
1.76720111538219
1.77110194905231
1.77694590201373
1.77767550947924
1.78027317426154
1.78075738112564
1.810224534367
1.81273453710867
1.82301486989902
1.84433050044648
1.84531886676941
1.85581378934788
1.86115028381776
1.86429437927431
1.87104828452871
1.87711426954657
1.88904264248471
1.8922066206674
1.90707829724842
1.91909031501598
1.92063835598728
1.92838240959677
1.92991885457969
1.94958314018912
1.95293807800287
1.96750787801091
1.97333680180091
1.99098357243564
1.99757673562557
1.99902268520244
10.2110518223326
1000.142697804
11.0521539251007
11.3585405457183
11.503257799418
11.7737686953681
11111.1111955556
118.074430429544
12.2053122442439
12.5820345784028
12.9221725769998
12286.9510447478
13.8176104127682
1308.67268488409
131.795421102733
138.331974984377
13868.5937689622
14.1944754180443
1477.64423568478
148.560251793069
15.2765386048836
16.326291375805
160.941429009145
17.4882266862438
1721.74601502216
17314.515528885
174.932326177195
18.6484788665056
19.066457247581
19.4095418843957
195.44102738455
196.832119737606
1999.50503822926
2.01717829618564
2.02041382878431
2.02287051933743
2.03087315822875
2.03466560184522
2.05675682628208
2.05728202455606
2.05965126425254
2.06063651004035
2.08800013141705
2.09095657825171
2.09748331343638
2.09806167779492
2.10940754344274
2.11324125433778
2.15074990665359
2.15591183983828
2.17633128846373
2.19490195915594
2.21412971163499
2.22015727540868
2.23400661631791
2.23933384374863
2.27790981127518
2.28243350908412
2.28337044279995
2.28792534017083
2.2925197528929
2.30038516095303
2.30973618130844
2.30981798678375
2.34970105762433
2.37778518057389
2.38125479389819
2.38492754788247
2.41210578518456
2.43297280953395
2.43385560565044
2.45400508959677
2.47600570263839
2.48997956753397
2.50783741646243
2.5307625097229
2.5539902770401
2.57386620550001
2.57411538641589
2.593251424014
2.61129520323289
2.61475231789899
2.62610234558054
2.64497310891455
2.64686481342503
2.64718825254993
2.72013075796917
2.72483027662133
2.76922677711053
2.77660780837775
2.77812969709873
2.77952500102894
2.80957486380217
2.84810205661641
2.86371492884971
2.88348099729184
2.91817808886045
2.94065729098622
2.96407055157813
2.97559875745926
20.2411683576903
20.8368278461766
2091.70293621008
21.191293183139
215.027519595626
22.6032991247264
2311.15973228321
2491.46331981401
25.389889400996
25.8933403480311
253.126345160076
253.884922265557
25757.7816253628
273.156915372062
29.6088004896732
3.00444100088848
3.05657041751008
3.05837615689222
3.12146992374414
3.13347161419512
3.15846625603124
3.20977760758362
3.21882517887842
3.22407321062392
3.22559057396052
3.23395157594444
3.26556542911321
3.31608598516358
3.32667640657776
3.32983717652719
3.33626503740614
3.40890082759662
3.41984365019283
3.46410161513775
3.52111811080666
3.52614356547777
3.64369286143738
3.66432995677437
3.71173222397806
3.81116016498602
3.82027144735598
3.83265022959307
3.8418389873742
3.87965016702622
3.88690696779957
3.96101411940325
31.1517185405855
31.6851980647397
310.620875224123
33.4317799642563
3312.66237337885
3342.03085543241
34.2536869939988
34.7926610674033
356.804614413578
37976.1946861525
3821.11168232197
39.5127875148067
4.07204593741584
4.08586991409384
4.12123291800301
4.2268944739147
4.2428471969497
4.39827636602305
4.44837944602562
4.5027432972598
4.5145796557965
4.69692713481911
4.75009488698426
4.75837324876394
4.76030782862432
4.77604286083507
4.80383749681582
4.85053012827665
41.1513225371948
432.725554807343
44.8094354885906
479.454329705377
49.1199946753712
5.05597107393664
5.11594449528522
5.12746840266407
5.20904764622884
5.22983906391957
5.37468342702738
5.46159208489327
5.58665592144032
5.96569386051412
5237.3994155113
5659.37127601868
572.551059978204
58.0559743187431
6.28289123365302
6.39822080391237
6.71790776811834
6.81166712415198
6.82970516550155
64.8373784484724
64066.1773765389
643.280479047134
668.069596062905
7.03727898258045
7.1358867158216
7.72248193825006
70.4431291314429
72.9117398570194
75.2947890307325
7874.34352898943
7995.23828418231
8.06141412670391
8.37549867770681
8.68758039536221
8008.70677654742
844.963926493996
89.6374590991944
9.0548932704147
9.87365584948535
95878.2107467593
97.2438363771765
99.0996798046857