

2, 3, 10, 11, 13, 14, 17, 24, 25, 26, 34, 35, 40, 46, 47, 48, 52, 55, 56, 

3, 4, 5, 6, 7, 8, 9, 11, 12, 13, 15, 18, 19, 22, 27, 32, 35, 36, 39, 45, 47, 49, 50, 53, 56, 59, 60, 

1, 3, 5, 7, 9, 10, 11, 12, 15, 17, 18, 31, 34, 35, 39, 43, 48, 51, 52, 56, 57, 

2, 4, 5, 7, 12, 15, 23, 31, 33, 36, 38, 40, 43, 

7, 17, 21, 25, 36, 38, 41, 42, 45, 

1, 2, 4, 5, 7, 9, 14, 16, 23, 26, 29, 31, 32, 33, 35, 38, 45, 49, 55, 58, 

1, 2, 4, 9, 10, 17, 26, 31, 39, 47, 48, 53, 55, 60, 

3, 4, 5, 10, 15, 21, 

2, 4, 5, 17, 25, 27, 33, 38, 40, 43, 

1, 7, 8, 10, 12, 13, 31, 43, 48, 51, 54, 56, 60, 

5, 7, 11, 13, 14, 19, 22, 31, 34, 36, 37, 38, 39, 41, 47, 54, 55, 58, 60, 

1, 3, 7, 14, 23, 27, 35, 36, 41, 44, 45, 55, 56, 58, 

1, 2, 4, 28, 35, 37, 46, 47, 56, 58, 

7, 10, 17, 24, 

2, 3, 5, 7, 9, 15, 17, 18, 20, 28, 31, 39, 43, 53, 56, 

2, 4, 5, 7, 11, 12, 17, 25, 28, 32, 38, 41, 47, 50, 54, 55, 58, 

1, 2, 3, 4, 5, 6, 9, 10, 11, 12, 13, 22, 43, 56, 58, 

1, 2, 3, 4, 5, 11, 17, 19, 22, 28, 46, 48, 54, 55, 58, 

1, 5, 13, 14, 16, 17, 18, 20, 23, 25, 26, 46, 54, 55, 58, 

1, 3, 9, 13, 19, 21, 23, 25, 28, 29, 30, 33, 34, 36, 41, 44, 46, 49, 50, 52, 54, 56, 

3, 5, 6, 7, 8, 9, 11, 13, 14, 16, 18, 19, 20, 22, 24, 32, 33, 34, 36, 38, 45, 47, 49, 50, 52, 53, 55, 56, 59, 60, 

1, 3, 9, 11, 18, 27, 28, 30, 34, 35, 51, 55, 57, 58, 

5, 6, 12, 14, 23, 

2, 4, 6, 11, 23, 36, 38, 42, 45, 49, 51, 54, 59, 60, 

1, 4, 9, 14, 19, 23, 26, 28, 29, 32, 36, 38, 45, 46, 47, 

1, 10, 17, 18, 19, 26, 36, 37, 46, 47, 49, 53, 56, 57, 60, 

3, 9, 10, 12, 

2, 5, 

1, 7, 8, 12, 18, 20, 21, 49, 51, 54, 56, 

5, 7, 11, 13, 15, 16, 19, 22, 23, 25, 27, 32, 34, 36, 41, 46, 54, 55, 57, 

1, 3, 6, 15, 16, 23, 30, 35, 36, 39, 41, 44, 54, 55, 56, 

1, 5, 7, 19, 28, 32, 35, 36, 39, 47, 49, 53, 54, 55, 56, 57, 

5, 6, 

3, 5, 7, 9, 13, 16, 19, 20, 23, 28, 38, 41, 47, 54, 55, 58, 

1, 2, 4, 18, 21, 22, 25, 26, 38, 41, 47, 50, 54, 

1, 3, 5, 6, 7, 16, 22, 27, 32, 39, 43, 45, 49, 56, 

1, 6, 13, 15, 16, 20, 21, 27, 28, 35, 36, 39, 48, 54, 

1, 5, 16, 17, 19, 20, 22, 23, 26, 36, 38, 40, 42, 46, 51, 54, 

1, 3, 6, 13, 15, 18, 19, 27, 28, 29, 30, 33, 34, 40, 41, 43, 44, 50, 52, 54, 

2, 3, 10, 13, 14, 17, 21, 26, 29, 31, 33, 34, 35, 40, 41, 48, 51, 52, 

1, 3, 11, 15, 18, 25, 31, 34, 35, 43, 51, 53, 57, 

5, 12, 14, 15, 23, 31, 35, 

11, 29, 30, 34, 36, 38, 42, 48, 49, 54, 

1, 4, 9, 12, 14, 21, 26, 29, 32, 34, 38, 45, 56, 57, 

1, 10, 17, 18, 19, 23, 24, 25, 26, 29, 33, 51, 53, 57, 

1, 2, 3, 10, 15, 

1, 2, 12, 13, 27, 

1, 3, 12, 21, 47, 48, 51, 54, 55, 

7, 11, 13, 19, 22, 23, 34, 36, 41, 50, 51, 57, 

1, 3, 15, 33, 35, 36, 37, 38, 44, 45, 54, 56, 57, 

1, 13, 28, 31, 33, 35, 44, 47, 48, 51, 56, 

1, 

1, 3, 7, 15, 18, 20, 23, 28, 31, 33, 37, 41, 46, 51, 

2, 4, 6, 18, 23, 25, 28, 38, 41, 43, 44, 45, 50, 51, 54, 

1, 3, 6, 7, 11, 22, 23, 42, 43, 50, 51, 54, 56, 

1, 21, 23, 28, 29, 46, 48, 54, 57, 

1, 16, 17, 20, 23, 25, 26, 33, 38, 40, 48, 54, 

1, 8, 9, 15, 19, 20, 21, 23, 26, 28, 29, 30, 31, 34, 39, 41, 43, 44, 47, 48, 50, 51, 52, 

2, 9, 10, 14, 17, 22, 23, 26, 27, 30, 34, 35, 38, 40, 41, 43, 48, 52, 55, 

2, 5, 6, 7, 9, 11, 15, 17, 18, 22, 23, 28, 31, 32, 36, 39, 42, 46, 47, 49, 50, 52, 53, 56, 59, 60, 

5, 12, 15, 19, 23, 24, 29, 30, 35, 36, 37, 40, 43, 45, 47, 50, 

2, 4, 7, 17, 23, 24, 26, 

1, 4, 7, 9, 12, 14, 17, 21, 23, 26, 29, 31, 32, 38, 44, 45, 

1, 8, 9, 10, 16, 17, 22, 23, 26, 33, 39, 45, 46, 47, 48, 50, 52, 53, 59, 

2, 3, 6, 7, 8, 15, 22, 23, 26, 29, 31, 42, 47, 

2, 3, 5, 15, 19, 24, 29, 40, 41, 46, 50, 55, 

1, 10, 12, 15, 19, 20, 22, 23, 24, 26, 29, 40, 41, 43, 48, 51, 54, 60, 

5, 7, 8, 11, 19, 23, 27, 29, 34, 36, 39, 41, 46, 47, 49, 55, 

1, 3, 22, 23, 35, 36, 44, 49, 55, 56, 59, 

1, 6, 20, 23, 24, 28, 31, 35, 36, 44, 45, 47, 56, 57, 59, 

4, 5, 7, 10, 12, 17, 20, 24, 29, 31, 43, 44, 48, 50, 58, 59, 

3, 5, 7, 9, 10, 15, 17, 20, 23, 26, 28, 29, 31, 37, 39, 41, 45, 46, 47, 55, 

2, 4, 7, 17, 22, 24, 25, 29, 30, 38, 41, 43, 44, 48, 49, 50, 58, 

1, 3, 5, 6, 10, 11, 13, 22, 23, 27, 29, 36, 38, 43, 47, 48, 56, 59, 60, 

1, 12, 16, 17, 24, 28, 33, 38, 40, 41, 44, 45, 46, 48, 

1, 4, 5, 16, 17, 20, 22, 23, 29, 37, 40, 45, 50, 51, 57, 59, 

1, 4, 11, 15, 19, 20, 25, 26, 27, 28, 29, 30, 31, 32, 33, 38, 41, 50, 52, 54, 56, 59, 

2, 6, 9, 10, 14, 17, 18, 20, 21, 24, 25, 26, 27, 29, 30, 31, 32, 34, 35, 39, 40, 43, 48, 50, 52, 53, 55, 

5, 6, 7, 9, 11, 12, 14, 15, 16, 18, 22, 25, 27, 32, 34, 36, 38, 39, 47, 49, 50, 53, 56, 59, 60, 

1, 3, 8, 9, 11, 15, 18, 24, 27, 29, 31, 34, 35, 45, 50, 51, 52, 55, 57, 60, 

2, 6, 12, 17, 18, 20, 24, 27, 28, 30, 36, 38, 39, 41, 42, 49, 50, 53, 54, 55, 56, 59, 

1, 4, 7, 9, 14, 20, 21, 25, 26, 27, 28, 29, 32, 38, 39, 45, 51, 57, 

1, 4, 10, 11, 17, 18, 19, 20, 23, 26, 27, 31, 32, 37, 41, 45, 50, 53, 

3, 8, 9, 11, 15, 16, 

2, 

1, 2, 10, 12, 15, 19, 20, 21, 24, 25, 29, 34, 43, 51, 54, 56, 60, 

7, 10, 11, 19, 20, 25, 27, 28, 29, 31, 32, 34, 36, 38, 41, 55, 59, 

1, 3, 16, 18, 20, 28, 33, 34, 35, 36, 37, 38, 39, 44, 54, 55, 56, 57, 

1, 4, 9, 17, 18, 24, 25, 28, 31, 33, 34, 35, 36, 38, 39, 45, 47, 52, 53, 56, 59, 

6, 7, 10, 11, 13, 18, 24, 25, 27, 28, 31, 32, 39, 41, 50, 57, 58, 59, 

3, 7, 9, 15, 17, 28, 29, 31, 33, 34, 36, 40, 55, 

2, 4, 7, 8, 11, 13, 14, 16, 17, 18, 19, 20, 24, 25, 27, 29, 31, 32, 34, 38, 41, 48, 50, 52, 54, 

1, 3, 4, 6, 11, 12, 13, 18, 22, 24, 25, 26, 27, 28, 29, 32, 34, 43, 55, 56, 

1, 4, 6, 11, 15, 17, 20, 21, 24, 25, 28, 32, 34, 35, 37, 39, 45, 46, 48, 50, 54, 55, 56, 57, 

1, 2, 13, 16, 17, 18, 19, 20, 23, 24, 25, 28, 29, 37, 40, 41, 45, 50, 54, 56, 60, 

1, 7, 13, 14, 17, 19, 24, 28, 29, 30, 32, 33, 34, 41, 42, 45, 46, 50, 51, 52, 54, 56, 

2, 5, 6, 10, 13, 14, 17, 26, 33, 34, 35, 40, 42, 46, 48, 51, 52, 53, 54, 55, 57, 60, 

5, 6, 7, 9, 11, 13, 18, 19, 22, 23, 28, 29, 32, 33, 36, 38, 44, 47, 49, 50, 52, 53, 56, 59, 60, 

1, 3, 5, 8, 11, 18, 22, 25, 27, 34, 35, 36, 40, 51, 57, 

3, 5, 6, 12, 13, 22, 23, 24, 33, 36, 39, 40, 

1, 4, 5, 7, 8, 9, 10, 12, 13, 14, 20, 22, 26, 28, 29, 32, 38, 43, 45, 46, 49, 50, 51, 56, 

1, 5, 10, 14, 16, 17, 19, 20, 24, 26, 28, 29, 35, 43, 46, 50, 53, 54, 57, 60, 

3, 8, 17, 

2, 5, 12, 16, 24, 26, 35, 40, 43, 46, 50, 53, 56, 

1, 12, 18, 26, 28, 37, 43, 51, 54, 56, 57, 60, 

5, 7, 8, 11, 13, 14, 17, 19, 20, 22, 23, 26, 27, 28, 32, 33, 34, 36, 37, 41, 43, 44, 45, 46, 54, 55, 

1, 3, 14, 16, 20, 31, 33, 35, 36, 37, 39, 40, 44, 45, 55, 56, 60, 

1, 17, 24, 26, 28, 31, 32, 35, 37, 39, 43, 47, 48, 54, 55, 56, 60, 

6, 7, 8, 10, 13, 24, 28, 31, 39, 40, 58, 59, 

3, 5, 7, 13, 16, 17, 18, 20, 23, 25, 28, 38, 49, 52, 55, 57, 

2, 3, 4, 5, 7, 13, 17, 20, 22, 23, 25, 27, 28, 32, 33, 38, 41, 44, 47, 50, 54, 60, 

1, 3, 5, 6, 8, 10, 11, 15, 16, 20, 22, 23, 27, 28, 31, 39, 43, 45, 46, 48, 51, 55, 56, 

1, 6, 8, 17, 18, 19, 23, 26, 28, 29, 31, 32, 35, 39, 40, 43, 48, 50, 54, 

1, 5, 8, 14, 15, 16, 17, 18, 20, 22, 23, 28, 31, 32, 33, 34, 38, 40, 46, 48, 50, 54, 56, 

1, 13, 19, 23, 26, 27, 28, 29, 30, 34, 35, 37, 40, 41, 45, 46, 50, 51, 52, 54, 57, 

2, 10, 11, 13, 14, 17, 26, 30, 34, 35, 39, 40, 41, 46, 48, 52, 54, 

5, 6, 7, 8, 9, 10, 11, 13, 18, 20, 22, 27, 32, 36, 38, 42, 46, 47, 48, 49, 50, 53, 54, 56, 58, 59, 60, 

1, 3, 7, 8, 11, 13, 18, 25, 27, 30, 34, 35, 41, 46, 51, 52, 57, 60, 

5, 12, 13, 23, 24, 30, 

7, 18, 19, 20, 21, 24, 27, 30, 36, 37, 38, 43, 

1, 5, 10, 13, 14, 17, 19, 20, 23, 24, 26, 27, 30, 36, 37, 43, 46, 50, 52, 53, 55, 60, 

3, 7, 8, 

2, 5, 

1, 12, 22, 25, 30, 44, 48, 51, 52, 53, 54, 

5, 7, 11, 13, 14, 15, 19, 27, 34, 36, 41, 43, 46, 

1, 3, 15, 20, 22, 23, 24, 30, 35, 36, 37, 39, 44, 50, 52, 56, 57, 

1, 5, 16, 22, 24, 25, 28, 33, 35, 36, 39, 42, 43, 46, 47, 48, 52, 54, 56, 57, 59, 

7, 10, 13, 19, 20, 24, 25, 31, 39, 41, 44, 52, 54, 57, 58, 59, 

3, 5, 7, 8, 19, 27, 28, 29, 30, 37, 41, 42, 52, 

2, 4, 5, 7, 10, 16, 18, 20, 22, 25, 38, 41, 42, 44, 46, 47, 50, 52, 53, 54, 60, 

1, 3, 5, 6, 7, 13, 22, 25, 27, 43, 45, 47, 50, 56, 

1, 2, 8, 25, 28, 39, 41, 43, 44, 46, 48, 53, 54, 57, 

1, 3, 5, 8, 16, 17, 20, 22, 23, 25, 26, 27, 40, 46, 48, 50, 51, 52, 53, 54, 60, 

1, 2, 6, 11, 12, 18, 19, 20, 21, 22, 27, 28, 29, 30, 38, 39, 40, 41, 47, 48, 50, 52, 54, 56, 

2, 8, 10, 11, 14, 17, 22, 26, 29, 34, 35, 38, 40, 48, 52, 54, 56, 58, 

5, 6, 7, 9, 11, 15, 18, 19, 20, 22, 26, 27, 29, 31, 32, 36, 47, 49, 50, 53, 56, 59, 60, 

1, 3, 6, 8, 9, 11, 12, 13, 15, 16, 18, 25, 27, 31, 34, 35, 36, 38, 39, 40, 45, 48, 50, 51, 57, 58, 

2, 4, 5, 8, 12, 15, 23, 31, 

20, 27, 29, 36, 38, 41, 42, 43, 49, 53, 

1, 2, 4, 9, 14, 16, 20, 26, 27, 29, 32, 37, 38, 43, 44, 45, 47, 55, 

3, 7, 8, 11, 15, 22, 27, 31, 34, 42, 44, 47, 48, 

2, 4, 5, 

1, 3, 11, 12, 15, 16, 22, 31, 40, 48, 49, 51, 54, 56, 60, 

3, 5, 7, 8, 11, 12, 19, 20, 21, 25, 27, 32, 34, 36, 38, 39, 41, 43, 46, 57, 58, 

1, 3, 7, 11, 12, 20, 27, 33, 34, 35, 36, 44, 47, 54, 56, 57, 58, 60, 

1, 2, 3, 4, 21, 28, 31, 34, 35, 38, 43, 45, 47, 49, 54, 56, 58, 60, 

3, 5, 

2, 3, 4, 5, 7, 8, 9, 12, 15, 20, 27, 28, 31, 32, 34, 39, 47, 49, 51, 56, 60, 

2, 3, 4, 11, 18, 20, 22, 25, 34, 38, 41, 44, 50, 54, 58, 60, 

1, 2, 3, 5, 6, 9, 13, 20, 22, 27, 28, 32, 34, 38, 43, 44, 49, 55, 56, 

1, 2, 4, 11, 12, 22, 27, 28, 29, 34, 36, 40, 43, 44, 45, 48, 54, 58, 

1, 5, 12, 16, 17, 18, 20, 21, 22, 23, 25, 26, 27, 28, 33, 40, 41, 45, 50, 54, 

1, 6, 19, 20, 26, 28, 29, 30, 31, 41, 50, 52, 

2, 8, 9, 10, 14, 17, 18, 19, 20, 22, 24, 26, 34, 35, 39, 40, 46, 48, 51, 52, 58, 

1, 2, 5, 6, 7, 8, 9, 10, 11, 14, 15, 18, 22, 32, 36, 43, 47, 49, 50, 53, 56, 59, 60, 

1, 3, 6, 8, 9, 11, 15, 18, 19, 31, 34, 35, 38, 40, 43, 47, 49, 51, 57, 

3, 4, 5, 10, 12, 15, 23, 24, 

18, 24, 36, 38, 42, 43, 49, 50, 59, 60, 

1, 4, 5, 6, 8, 9, 14, 19, 22, 25, 26, 29, 32, 38, 40, 43, 44, 45, 49, 50, 56, 

1, 8, 9, 10, 15, 17, 23, 26, 28, 31, 32, 33, 42, 43, 44, 46, 47, 49, 50, 52, 53, 57, 59, 60, 

1, 2, 5, 

1, 4, 5, 12, 15, 22, 25, 26, 42, 46, 48, 49, 50, 51, 54, 58, 60, 

5, 7, 11, 14, 19, 31, 32, 34, 36, 38, 41, 43, 47, 49, 60, 

1, 3, 6, 7, 22, 24, 25, 28, 32, 33, 35, 36, 39, 41, 44, 47, 49, 56, 57, 

1, 4, 11, 14, 24, 25, 28, 31, 34, 35, 39, 43, 46, 47, 49, 56, 

1, 5, 

1, 3, 4, 5, 7, 8, 9, 11, 15, 19, 26, 28, 29, 31, 34, 41, 45, 54, 57, 

2, 4, 5, 16, 22, 26, 34, 38, 41, 44, 46, 48, 49, 50, 58, 60, 

1, 3, 5, 6, 7, 13, 22, 28, 32, 36, 38, 43, 47, 48, 50, 51, 56, 58, 

1, 4, 5, 20, 26, 28, 34, 35, 39, 40, 43, 44, 48, 49, 

1, 5, 8, 13, 16, 17, 18, 20, 22, 23, 28, 33, 40, 46, 49, 50, 51, 

1, 8, 13, 14, 19, 20, 27, 28, 29, 30, 34, 41, 50, 52, 56, 

2, 5, 7, 10, 13, 14, 17, 18, 20, 26, 28, 34, 35, 39, 40, 41, 44, 48, 52, 53, 55, 

1, 2, 5, 6, 7, 9, 11, 12, 13, 17, 18, 19, 22, 27, 32, 36, 39, 47, 49, 50, 53, 56, 59, 60, 

1, 3, 6, 8, 11, 13, 14, 18, 24, 29, 31, 34, 35, 41, 50, 51, 52, 53, 57, 58, 59, 60, 

2, 5, 7, 8, 12, 14, 23, 24, 29, 36, 39, 40, 44, 47, 50, 51, 57, 

2, 7, 8, 12, 17, 21, 24, 34, 

1, 4, 7, 8, 9, 10, 14, 21, 26, 28, 29, 32, 38, 44, 45, 49, 50, 57, 

1, 5, 10, 13, 17, 18, 19, 21, 26, 33, 35, 36, 44, 46, 49, 50, 53, 59, 

1, 2, 3, 8, 10, 20, 31, 36, 42, 45, 

1, 12, 18, 19, 24, 26, 29, 38, 41, 45, 47, 49, 51, 54, 56, 58, 59, 60, 

5, 7, 8, 11, 13, 19, 21, 26, 29, 34, 35, 36, 38, 41, 52, 55, 

1, 3, 11, 13, 15, 19, 26, 27, 35, 36, 39, 41, 44, 52, 55, 56, 

1, 7, 8, 17, 19, 21, 24, 26, 28, 31, 34, 35, 36, 38, 39, 47, 49, 55, 56, 57, 

1, 7, 8, 10, 14, 20, 23, 24, 26, 29, 31, 37, 39, 41, 44, 45, 48, 49, 52, 57, 58, 59, 

1, 2, 3, 5, 7, 16, 17, 18, 20, 24, 28, 31, 34, 36, 37, 40, 41, 52, 54, 

2, 4, 7, 8, 9, 10, 16, 17, 18, 24, 29, 30, 34, 38, 40, 41, 43, 47, 50, 59, 

1, 3, 5, 6, 7, 8, 10, 11, 15, 16, 19, 22, 24, 29, 43, 48, 49, 52, 56, 

1, 17, 18, 20, 24, 28, 34, 35, 39, 41, 44, 48, 57, 

1, 5, 8, 9, 10, 14, 16, 17, 20, 21, 23, 25, 33, 50, 52, 56, 59, 60, 

1, 13, 19, 20, 24, 28, 29, 30, 31, 34, 39, 41, 48, 50, 51, 52, 56, 

2, 6, 10, 12, 13, 14, 17, 21, 24, 26, 30, 34, 35, 38, 40, 41, 43, 44, 46, 48, 52, 56, 59, 

5, 6, 7, 8, 9, 11, 13, 15, 18, 20, 21, 22, 24, 25, 26, 30, 32, 36, 37, 41, 42, 45, 47, 49, 50, 53, 56, 59, 60, 

1, 3, 6, 11, 15, 18, 22, 24, 29, 30, 31, 33, 34, 35, 39, 40, 41, 44, 51, 54, 57, 

5, 6, 10, 12, 14, 15, 19, 21, 23, 24, 29, 30, 33, 34, 36, 38, 39, 40, 47, 52, 53, 59, 

4, 6, 24, 26, 36, 37, 38, 

1, 4, 6, 9, 14, 15, 22, 25, 26, 29, 31, 32, 36, 38, 39, 44, 45, 46, 51, 52, 53, 

1, 10, 13, 17, 19, 23, 26, 35, 36, 37, 39, 40, 42, 44, 48, 49, 52, 53, 57, 59, 

3, 6, 7, 15, 22, 25, 26, 28, 33, 34, 39, 40, 41, 42, 45, 46, 

2, 3, 4, 12, 15, 23, 26, 28, 29, 35, 39, 

7, 10, 11, 13, 18, 19, 23, 29, 30, 31, 34, 36, 38, 39, 40, 41, 50, 57, 59, 

1, 3, 6, 7, 8, 19, 24, 35, 36, 37, 39, 41, 43, 44, 52, 56, 57, 

1, 16, 20, 23, 24, 25, 26, 28, 31, 34, 35, 38, 39, 44, 46, 47, 49, 52, 54, 56, 59, 

6, 

3, 7, 13, 23, 24, 26, 28, 31, 34, 35, 37, 39, 41, 49, 

2, 4, 10, 22, 24, 28, 29, 34, 35, 38, 41, 46, 47, 50, 52, 53, 56, 

1, 3, 6, 15, 19, 22, 29, 33, 39, 43, 49, 50, 56, 59, 

1, 6, 19, 21, 22, 24, 25, 26, 28, 34, 38, 39, 40, 41, 44, 48, 50, 

1, 2, 16, 17, 20, 22, 23, 26, 28, 34, 40, 43, 46, 51, 56, 60, 

1, 2, 13, 17, 19, 28, 29, 30, 34, 39, 40, 41, 50, 51, 52, 

2, 5, 6, 9, 10, 13, 14, 17, 26, 29, 30, 33, 34, 35, 40, 48, 51, 52, 55, 57, 

1, 2, 4, 5, 6, 7, 9, 11, 13, 18, 22, 32, 33, 36, 37, 38, 47, 49, 50, 52, 53, 56, 59, 60, 

1, 3, 5, 6, 8, 9, 11, 12, 18, 24, 27, 29, 30, 31, 34, 35, 36, 39, 40, 46, 49, 51, 53, 57, 

5, 6, 9, 12, 23, 24, 30, 33, 35, 36, 38, 40, 44, 55, 59, 

6, 17, 20, 23, 24, 25, 27, 28, 36, 37, 38, 41, 42, 43, 44, 45, 49, 51, 55, 58, 

1, 3, 4, 8, 9, 11, 14, 16, 17, 20, 26, 28, 29, 32, 34, 38, 43, 45, 49, 53, 58, 59, 

1, 2, 6, 10, 16, 17, 21, 26, 35, 39, 43, 46, 47, 53, 57, 

1, 2, 3, 6, 8, 13, 21, 27, 28, 29, 31, 33, 36, 42, 47, 51, 52, 53, 56, 

1, 2, 3, 4, 5, 6, 

1, 11, 12, 24, 26, 29, 31, 32, 33, 35, 38, 51, 54, 55, 60, 

1, 3, 6, 16, 20, 28, 29, 35, 36, 44, 49, 50, 52, 55, 56, 57, 58, 

1, 2, 5, 9, 20, 21, 22, 23, 24, 28, 31, 35, 38, 40, 43, 44, 47, 50, 56, 58, 

1, 5, 6, 

1, 3, 5, 6, 7, 9, 12, 13, 16, 17, 20, 23, 24, 26, 28, 29, 31, 35, 36, 37, 39, 40, 47, 55, 

2, 3, 4, 8, 9, 14, 17, 18, 23, 24, 25, 26, 29, 30, 31, 35, 38, 41, 43, 49, 50, 53, 

1, 2, 3, 5, 6, 9, 11, 16, 22, 24, 27, 28, 29, 43, 52, 56, 57, 

1, 6, 17, 19, 23, 24, 26, 28, 32, 35, 40, 43, 46, 47, 48, 50, 55, 58, 59, 

1, 5, 6, 8, 12, 13, 16, 17, 20, 21, 23, 25, 28, 33, 53, 57, 58, 

1, 6, 8, 9, 10, 14, 19, 20, 22, 23, 26, 28, 29, 30, 34, 41, 42, 48, 50, 52, 57, 

2, 9, 10, 14, 17, 21, 24, 26, 30, 34, 35, 39, 40, 48, 51, 52, 53, 54, 55, 

5, 6, 7, 9, 11, 17, 18, 21, 22, 24, 32, 36, 47, 48, 49, 50, 53, 56, 59, 60, 

1, 3, 5, 9, 10, 11, 14, 17, 18, 22, 30, 34, 35, 40, 42, 47, 49, 51, 52, 53, 55, 56, 57, 60, 

3, 4, 5, 12, 14, 17, 23, 24, 30, 

17, 18, 19, 20, 21, 24, 26, 31, 36, 38, 39, 40, 42, 48, 51, 

1, 4, 5, 9, 10, 14, 20, 21, 22, 23, 26, 29, 32, 38, 39, 45, 47, 48, 53, 56, 60, 

1, 7, 9, 10, 16, 17, 21, 22, 23, 26, 32, 40, 47, 48, 52, 53, 60, 

3, 16, 22, 26, 27, 28, 34, 40, 

2, 3, 5, 12, 15, 

1, 12, 18, 19, 21, 22, 26, 40, 48, 51, 54, 60, 

5, 7, 11, 14, 18, 19, 21, 22, 32, 34, 36, 41, 42, 49, 54, 55, 58, 59, 

1, 4, 5, 21, 24, 28, 31, 34, 35, 39, 47, 48, 50, 51, 55, 56, 57, 58, 60, 

5, 

3, 5, 7, 9, 17, 18, 21, 26, 28, 32, 34, 47, 48, 56, 59, 

2, 4, 5, 14, 15, 17, 18, 19, 21, 22, 25, 34, 38, 41, 49, 50, 53, 54, 60, 

1, 3, 4, 5, 6, 9, 10, 11, 18, 19, 32, 36, 39, 43, 50, 51, 55, 56, 

1, 3, 4, 5, 16, 17, 21, 25, 28, 31, 34, 38, 39, 40, 48, 50, 53, 54, 58, 

1, 5, 10, 14, 16, 17, 20, 21, 22, 23, 24, 26, 28, 31, 40, 47, 48, 53, 54, 58, 

1, 2, 4, 12, 13, 15, 17, 19, 20, 26, 28, 29, 30, 37, 38, 41, 42, 44, 50, 52, 

2, 7, 10, 13, 14, 17, 18, 26, 27, 28, 30, 31, 32, 34, 35, 39, 40, 41, 43, 46, 48, 51, 52, 55, 60, 

4, 5, 6, 7, 9, 11, 13, 15, 18, 20, 22, 24, 25, 29, 32, 36, 38, 47, 49, 50, 53, 56, 58, 59, 60, 

1, 3, 8, 9, 10, 11, 12, 15, 18, 21, 24, 25, 27, 29, 33, 34, 35, 36, 40, 45, 46, 51, 55, 56, 57, 

2, 4, 5, 9, 12, 15, 17, 18, 23, 24, 30, 34, 35, 36, 39, 40, 45, 

17, 18, 24, 26, 29, 36, 38, 

1, 2, 4, 9, 14, 25, 26, 29, 30, 32, 38, 42, 43, 45, 56, 58, 59, 

1, 2, 3, 5, 9, 10, 17, 19, 21, 23, 25, 26, 29, 40, 43, 45, 46, 49, 52, 53, 60, 

3, 4, 8, 9, 11, 15, 

2, 5, 

1, 3, 12, 13, 20, 24, 25, 26, 34, 40, 47, 49, 51, 54, 55, 60, 

3, 5, 7, 8, 11, 13, 17, 19, 21, 27, 32, 34, 36, 38, 41, 43, 51, 55, 56, 58, 59, 

1, 3, 4, 6, 9, 10, 12, 18, 24, 29, 33, 35, 36, 39, 44, 50, 55, 56, 57, 58, 59, 60, 

3, 5, 12, 

2, 3, 5, 7, 9, 10, 11, 15, 17, 26, 28, 30, 34, 37, 40, 41, 42, 49, 54, 55, 60, 

2, 3, 4, 8, 16, 17, 18, 24, 29, 34, 38, 41, 42, 50, 52, 60, 

1, 2, 3, 4, 5, 6, 8, 9, 10, 18, 22, 24, 26, 27, 29, 30, 32, 36, 41, 42, 43, 47, 48, 55, 56, 

1, 2, 4, 12, 17, 19, 22, 24, 25, 28, 29, 30, 34, 39, 40, 43, 45, 48, 58, 

1, 5, 11, 13, 16, 17, 18, 20, 21, 23, 25, 34, 40, 45, 46, 48, 58, 59, 60, 

1, 2, 11, 19, 22, 26, 28, 29, 30, 34, 37, 41, 45, 50, 52, 56, 

2, 5, 6, 8, 9, 10, 14, 17, 26, 29, 30, 34, 35, 39, 40, 43, 48, 51, 52, 

1, 2, 5, 6, 7, 8, 9, 11, 15, 18, 21, 22, 24, 25, 26, 32, 34, 36, 37, 42, 47, 49, 50, 53, 56, 59, 60, 

1, 3, 4, 8, 9, 11, 15, 16, 17, 18, 29, 34, 35, 40, 43, 51, 53, 54, 57, 60, 

5, 6, 9, 12, 13, 15, 23, 

6, 7, 8, 15, 17, 18, 19, 21, 26, 36, 38, 41, 42, 

1, 4, 7, 8, 9, 14, 19, 26, 29, 32, 38, 44, 45, 49, 50, 56, 57, 

1, 2, 3, 8, 9, 10, 11, 17, 18, 21, 26, 35, 40, 44, 49, 50, 53, 56, 

1, 2, 3, 8, 11, 15, 16, 27, 29, 36, 39, 

1, 2, 5, 9, 15, 17, 21, 29, 33, 35, 40, 46, 50, 52, 54, 57, 

1, 12, 15, 21, 26, 35, 38, 47, 49, 51, 54, 56, 58, 60, 

4, 5, 7, 11, 17, 19, 21, 26, 34, 36, 38, 41, 60, 

1, 3, 7, 8, 9, 12, 16, 18, 26, 29, 33, 35, 36, 38, 39, 40, 44, 52, 56, 

1, 2, 3, 5, 9, 21, 22, 28, 31, 35, 39, 47, 49, 51, 53, 54, 56, 

1, 3, 5, 7, 9, 17, 18, 19, 20, 21, 28, 35, 

2, 4, 7, 9, 10, 11, 16, 17, 18, 28, 29, 38, 41, 50, 

1, 2, 3, 5, 6, 8, 9, 11, 18, 22, 29, 43, 51, 56, 

1, 6, 8, 9, 11, 12, 17, 21, 25, 28, 39, 40, 44, 48, 50, 57, 

1, 4, 5, 8, 13, 15, 16, 17, 20, 21, 23, 24, 26, 33, 43, 50, 51, 

1, 10, 19, 28, 29, 30, 33, 39, 40, 41, 45, 50, 51, 52, 53, 59, 

2, 9, 10, 11, 14, 17, 22, 26, 32, 34, 35, 37, 40, 41, 47, 48, 52, 55, 

1, 5, 6, 7, 9, 11, 15, 18, 22, 28, 32, 35, 36, 41, 46, 47, 49, 50, 53, 55, 56, 59, 60, 

1, 3, 6, 8, 9, 10, 11, 15, 17, 18, 24, 31, 34, 35, 39, 41, 51, 55, 57, 58, 

4, 5, 12, 15, 22, 23, 24, 31, 33, 36, 40, 53, 

2, 12, 14, 17, 21, 22, 24, 36, 37, 38, 42, 44, 45, 49, 53, 57, 59, 60, 

1, 4, 9, 11, 14, 19, 26, 28, 29, 32, 38, 42, 44, 45, 47, 

1, 5, 6, 8, 9, 10, 15, 17, 18, 22, 24, 26, 35, 37, 39, 44, 46, 47, 51, 53, 57, 60, 

1, 3, 6, 8, 10, 11, 13, 15, 

1, 2, 5, 6, 15, 16, 24, 25, 35, 40, 46, 47, 48, 54, 60, 

1, 3, 8, 12, 15, 21, 24, 26, 35, 42, 43, 44, 47, 51, 54, 55, 57, 60, 

5, 7, 11, 14, 19, 23, 25, 32, 34, 35, 36, 37, 39, 41, 44, 46, 47, 50, 55, 

1, 3, 10, 17, 22, 29, 35, 36, 44, 55, 56, 60, 

1, 4, 5, 20, 24, 26, 28, 31, 32, 34, 35, 37, 41, 42, 47, 50, 56, 57, 60, 

1, 5, 

2, 4, 6, 8, 10, 13, 14, 16, 17, 21, 22, 23, 24, 26, 28, 34, 35, 38, 41, 43, 50, 58, 59, 

1, 3, 5, 6, 10, 13, 14, 16, 22, 24, 26, 32, 43, 44, 54, 55, 56, 

1, 4, 17, 19, 21, 22, 23, 24, 28, 34, 35, 41, 44, 46, 48, 

1, 5, 6, 10, 12, 14, 16, 17, 20, 22, 23, 24, 30, 33, 38, 40, 42, 

1, 11, 12, 16, 19, 21, 28, 29, 30, 32, 41, 50, 51, 52, 

2, 10, 11, 12, 14, 17, 21, 26, 27, 28, 34, 35, 40, 43, 48, 50, 51, 52, 55, 

5, 6, 7, 9, 10, 11, 16, 17, 18, 21, 22, 23, 32, 33, 34, 36, 45, 47, 49, 50, 51, 53, 56, 59, 60, 

1, 3, 8, 11, 17, 18, 19, 20, 21, 24, 27, 29, 34, 35, 46, 49, 51, 55, 57, 58, 

5, 12, 14, 17, 21, 23, 24, 

11, 17, 19, 20, 24, 30, 36, 38, 42, 49, 55, 

1, 2, 4, 7, 9, 14, 20, 22, 26, 29, 32, 36, 37, 38, 42, 45, 47, 49, 51, 53, 55, 56, 

1, 10, 14, 17, 20, 23, 26, 35, 36, 51, 53, 54, 55, 60, 

3, 8, 14, 

2, 3, 9, 15, 17, 19, 24, 29, 33, 

1, 12, 21, 22, 23, 24, 29, 35, 36, 37, 43, 51, 53, 54, 60, 

7, 8, 11, 14, 17, 19, 23, 25, 27, 29, 34, 36, 41, 42, 49, 54, 55, 

1, 3, 6, 13, 20, 27, 35, 36, 37, 44, 45, 49, 55, 56, 

1, 20, 24, 28, 31, 34, 35, 36, 42, 47, 52, 53, 56, 57, 

7, 10, 17, 22, 24, 29, 31, 41, 42, 46, 53, 

3, 7, 13, 17, 21, 23, 24, 25, 28, 34, 35, 36, 38, 40, 42, 43, 46, 49, 51, 54, 55, 

1, 3, 6, 13, 20, 22, 26, 27, 29, 34, 40, 43, 47, 51, 56, 

1, 2, 11, 17, 18, 21, 23, 24, 27, 28, 34, 48, 54, 55, 

1, 16, 17, 20, 22, 23, 24, 40, 51, 54, 55, 57, 

1, 2, 19, 28, 29, 30, 34, 35, 41, 42, 44, 45, 49, 50, 52, 53, 

2, 9, 10, 11, 14, 17, 26, 29, 30, 31, 34, 35, 38, 39, 40, 41, 43, 48, 49, 51, 52, 58, 

5, 6, 7, 9, 11, 18, 19, 22, 23, 26, 32, 36, 44, 47, 49, 50, 53, 56, 59, 60, 

1, 3, 9, 11, 18, 19, 24, 27, 29, 34, 35, 38, 41, 51, 57, 60, 

2, 4, 5, 9, 10, 12, 17, 23, 24, 30, 

10, 11, 12, 14, 17, 18, 19, 20, 23, 24, 25, 27, 35, 36, 37, 38, 41, 42, 49, 58, 59, 

1, 2, 4, 9, 10, 14, 20, 25, 26, 29, 30, 32, 35, 38, 39, 41, 44, 45, 47, 51, 53, 

1, 2, 5, 7, 10, 17, 21, 26, 28, 30, 32, 35, 37, 42, 46, 49, 52, 53, 

3, 4, 9, 21, 23, 25, 27, 34, 39, 42, 44, 

2, 4, 5, 15, 16, 17, 19, 21, 23, 24, 29, 35, 37, 39, 40, 41, 46, 49, 52, 

1, 9, 12, 17, 19, 21, 24, 25, 30, 35, 42, 43, 47, 49, 51, 53, 54, 55, 

5, 7, 11, 19, 20, 21, 22, 23, 27, 30, 32, 34, 36, 41, 51, 

1, 3, 4, 13, 14, 18, 19, 20, 21, 28, 30, 35, 36, 39, 44, 51, 52, 56, 57, 59, 

1, 2, 4, 5, 9, 21, 22, 24, 25, 27, 28, 32, 33, 34, 35, 39, 47, 49, 56, 



2, 3, 5, 7, 9, 16, 17, 23, 28, 29, 30, 34, 35, 41, 53, 

2, 4, 17, 18, 19, 20, 21, 23, 24, 26, 29, 31, 34, 35, 38, 41, 43, 44, 47, 50, 

1, 2, 4, 10, 16, 17, 21, 23, 24, 28, 34, 39, 44, 48, 53, 

1, 5, 10, 13, 14, 16, 17, 18, 20, 21, 23, 26, 28, 33, 38, 40, 47, 52, 59, 60, 

1, 9, 11, 13, 14, 19, 26, 28, 29, 30, 34, 41, 50, 52, 54, 56, 59, 60, 

2, 5, 6, 7, 9, 10, 13, 14, 17, 20, 21, 26, 30, 31, 32, 34, 35, 39, 40, 41, 48, 51, 52, 53, 55, 

5, 6, 7, 8, 9, 11, 13, 18, 19, 20, 22, 29, 30, 32, 36, 45, 47, 49, 50, 53, 56, 59, 60, 

1, 3, 7, 8, 9, 11, 12, 17, 18, 24, 27, 30, 34, 35, 40, 42, 45, 47, 49, 51, 55, 57, 

4, 5, 6, 9, 12, 14, 23, 24, 30, 34, 36, 39, 40, 44, 45, 51, 52, 57, 60, 

6, 9, 17, 24, 29, 31, 36, 38, 41, 42, 43, 49, 54, 55, 56, 59, 60, 

1, 2, 4, 5, 6, 7, 8, 9, 14, 15, 26, 29, 30, 32, 36, 38, 42, 43, 44, 45, 47, 51, 52, 53, 56, 57, 58, 

1, 4, 10, 17, 18, 26, 29, 33, 36, 37, 43, 45, 46, 47, 49, 53, 60, 

3, 4, 5, 8, 20, 36, 

2, 5, 

1, 7, 12, 20, 21, 24, 34, 36, 40, 41, 43, 49, 51, 52, 54, 56, 60, 

5, 7, 8, 9, 11, 13, 15, 17, 19, 22, 23, 27, 32, 34, 36, 41, 43, 47, 49, 51, 52, 55, 58, 60, 

1, 3, 9, 12, 15, 17, 27, 30, 31, 35, 36, 38, 39, 44, 47, 49, 52, 55, 56, 57, 58, 59, 60, 

1, 4, 5, 7, 9, 13, 14, 24, 28, 31, 32, 34, 35, 37, 39, 41, 42, 43, 45, 47, 49, 50, 52, 56, 58, 60, 

6, 7, 10, 12, 17, 20, 24, 25, 31, 39, 44, 46, 52, 

3, 4, 5, 7, 9, 13, 17, 21, 23, 24, 28, 29, 30, 32, 34, 41, 42, 47, 54, 60, 

2, 4, 5, 7, 9, 10, 11, 17, 24, 25, 34, 38, 41, 49, 50, 52, 54, 60, 

1, 3, 5, 6, 22, 24, 27, 32, 43, 44, 47, 56, 59, 

1, 5, 8, 14, 16, 17, 20, 23, 31, 40, 42, 45, 

1, 7, 8, 14, 19, 20, 27, 28, 29, 30, 32, 35, 39, 41, 46, 50, 52, 54, 55, 56, 

2, 5, 7, 10, 12, 14, 17, 24, 26, 27, 31, 32, 34, 35, 38, 39, 40, 46, 48, 52, 53, 54, 55, 59, 

5, 6, 7, 8, 9, 11, 18, 22, 27, 32, 36, 39, 47, 49, 50, 53, 55, 56, 59, 60, 

1, 3, 4, 5, 6, 7, 8, 11, 18, 22, 27, 29, 34, 35, 39, 45, 51, 53, 57, 

5, 12, 14, 23, 36, 39, 40, 41, 44, 45, 47, 48, 49, 50, 54, 

4, 7, 12, 15, 21, 27, 31, 32, 35, 36, 37, 38, 39, 41, 42, 45, 48, 49, 54, 55, 58, 59, 

1, 3, 4, 7, 8, 9, 14, 26, 27, 29, 32, 35, 36, 38, 44, 45, 46, 47, 50, 53, 55, 59, 

1, 6, 10, 14, 17, 19, 21, 24, 26, 27, 35, 36, 39, 41, 45, 50, 53, 55, 

3, 8, 11, 22, 23, 27, 36, 39, 42, 46, 52, 53, 

2, 4, 5, 21, 

1, 2, 12, 18, 22, 27, 29, 46, 51, 54, 56, 58, 60, 

5, 7, 11, 19, 21, 27, 29, 32, 34, 35, 36, 39, 41, 53, 54, 55, 58, 

1, 3, 11, 13, 15, 19, 22, 28, 29, 31, 32, 35, 36, 39, 44, 52, 55, 56, 58, 

1, 5, 7, 16, 21, 23, 28, 31, 35, 36, 39, 45, 47, 48, 54, 56, 58, 59, 

4, 7, 10, 24, 27, 29, 31, 39, 44, 45, 46, 48, 50, 52, 58, 59, 

3, 5, 6, 7, 12, 18, 20, 28, 29, 39, 46, 55, 59, 

2, 3, 4, 7, 8, 10, 16, 18, 22, 26, 28, 29, 31, 32, 38, 40, 41, 44, 50, 54, 55, 

1, 3, 5, 6, 7, 10, 11, 13, 19, 22, 27, 29, 43, 44, 54, 55, 56, 

1, 3, 8, 22, 26, 28, 31, 39, 44, 45, 48, 54, 58, 
